19102638478
19363325329
13868550231
16452203503
18327051829
16197915640
13039815250
14754394950
14086134090
12343131198
15757766665
15592553185
18594579309
14407297447
18596133805
12027106377
12094043101
19402358741
13463500125
19184087854
12254452906
13072623468
19086358419
17068336032
16157559968
17089373655
15416200870
17402790122
17079803924
16185147412
12176711472
17609844833
12164500763
17477278839
15175450005
17723138999
14699949904
13802034750
16059617145
16023900009
17066104988
18184564128
19517963829
18439643453
16238470265
16626096945
14845600920
12697241021
19136807920
14346072412
15302752980
15309836238
18062749210
14406250895
18722235138
17702761272
14175313514
19567930933
16028565342
14322196307
17199009374
19727290668
14434180249
19092478635
16196033801
13144961878
18652794365
14424537650
18506251351
14345322685
15598728521
12107263547
18164389463
12087175941
17403608097
19403689074
14155735440
19858789711
13028553916
19095597018
18325396406
15622155101
12819546060
12092834109
15077581296
17739412377
16145540996
12039066863
18653684047
14236188549
19184056625
12695355434
18503631335
16164818116
13303346756
15802714132
19377274242
18436150446
17406285813
14173828843
14027079002
12408582150
17326210228
13376518872
15416801608
12817573585
18105135029
15864306040
13862943599
15674088695
18505843166
12297166014
16814174007
13307619427
19545737178
14054308723
13522917035
13125045875
15123836912
14054234272
12543665328
17193945565
12088272395
14058944190
15035584883
13023588180
12082193314
13347442280
17577762403
17044202072
14106128150
14304350290
14796408293
19708129247
13856307611
18649177714
12392293649
16189794897
16577900037
19012447052
17045079014
14346605837
17278006063
19152138765
16025510133
15053985187
12624086203
18435610440
17136708862
18284913900
12026043898
16154395093
14792502688
13234227309
19712198784
14055340070
18505459151
12146944505
17076836177
19363144106
17062962376
14057622196
14434733875
16823207610
18037357872
19153303500
14234655263
14794079862
19733845186
18638082137
12105420542
13252601738
12172409282
18642455558
13056214319
13528261590
12533087420
14055037345
17316084535
19283772321
17208276428
15868017025
17862697883
15055823716
16104834217
12149626698
18129295262
15599626861
15129486017
18504451227
18567263878
17542423131
15307042785
13138202119
19042664966
19548015451
14794303733
12569042061
15048924037
17073182120
18136844520
12799664970
14802613375
15302820181
17797746963
17579942968
15172994307
19898599653
12534090632
14323164017
15044390445
14199320840
17252426844
19517219344
17342240862
15104596213
12095960912
19717136308
19088826085
18703442091
17314124962
17157161221
12089611543
15015453960
13362109406
17132067035
15415700263
12767440111
19253375118
17606145528
14083375977
12057710733
19168275367
18262295659
14302936557
19378551100
14424001668
15042345205
16202038714
17723459065
17089264968
15597561463
15592310653
15406909746
14058861710
14704150294
18329352000
14322186383
18506310433
15017325339
15053153688
15135811528
15132459004
12565583527
19188951180
14233165560
12672077998
14236815917
16198650912
14197219066
14757462267
17408762181
19016499220
12529035131
12152875145
12697199736
19855075572
15017336136
17139568807
13256037915
15617686528
17543102054
15419738209
12628062532
17628228115
14633271067
12817636876
15404342258
12167047110
16614484222
15808901645
19044501794
13527721777
19382947007
15102290091
14086289138
15674699288
17323009417
12812827640
12394457745
16067471162
19185301260
18605838236
14809796431
17279897593
15178679323
13046429915
18048352556
16024513726
13464255880
19512212294
16099348759
14075269823
16096612017
19489993508
15402381876
18132382421
13096605958
14054792801
14057611739
18046169691
12297695117
19512105220
17025632955
17084831714
18032921520
15743921849
19106251751
13616498983
17736395498
17274182493
13123440742
17179687491
14175540733
12697599391
18152919305
19809464797
19897145850
18014735164
19896002057
12294740923
14798867815
13188047090
13102612834
16672177380
14793929782
15627267373
14085976099
18705499566
19378951787
12178250299
18284093189
